# Project Zomboid Skinned Mesh
# File Version:
1.0
# Model Name:
weapons_fireaxe
# Vertex Stride Element Count:
3
# Vertex Stride Size (in bytes):
76
# Vertex Stride Data:
# (Int)    Offset
# (String) Type
0
VertexArray
12
NormalArray
24
TextureCoordArray
# Vertex Count:
139
# Vertex Buffer:
-0.000907, 0.067516, -0.01233
-0.07193213, 0.05270547, -0.99600208
0.522255, 0.880948
-0.000544, -0.025171, -0.01705868
-0.0352794, -0.80605489, -0.59074676
0.52615398, 0.968054
-0.017482, -0.022448, -0.01096022
-0.56627095, -0.73290199, -0.37699515
0.30825999, 0.96916
-0.01524259, 0.37302628, -0.01972001
-0.67720574, 0.71901608, -0.15601063
0.43328199, 0.04458201
-0.01124459, 0.37302628, -0.05450502
-0.78313547, 0.62132633, 0.02450636
0.241816, 0.04458201
-0.011644, 0.353645, -0.053188
-0.99331647, 0.00326548, -0.11535996
0.24916799, 0.11912799
0.02548, -0.015874, -0.0015369
0.83590198, -0.5409711, 0.09262367
0.81991899, 0.971961
0.017252, -0.022448, -0.01315505
0.50505084, -0.73332924, -0.4550615
0.72332001, 0.965229
0.011934, 0.065927, -0.008898
0.63161105, 0.07184057, -0.77190465
0.65308201, 0.885655
0.017894, 0.062092, 0.00264462
0.99688709, 0.07852413, 0.0044557
0.75841498, 0.897017
0.013012, 0.13244499, 0.003117
0.9967345, 0.0343028, -0.07296976
0.77424502, 0.788765
0.010022, 0.13244499, 0.013366
0.77370524, 0.02310251, 0.63307595
0.89697897, 0.788765
-0.013154, 0.253793, -0.011932
-0.77022612, -0.09042634, -0.63130587
0.41540599, 0.52367601
-0.001335, 0.253793, -0.018145
-0.07281716, -0.12253182, -0.98977631
0.51997501, 0.52367601
-0.000731, 0.193119, -0.009937
-0.07318339, -0.06939909, -0.99487287
0.52377802, 0.674519
-0.012415, 0.13244499, 0.004988
-0.99664295, 0.03305155, 0.07461776
0.25211799, 0.788765
-0.009425, 0.13244499, -0.005261
-0.77700126, 0.02557451, -0.62892544
0.39735201, 0.788765
-0.013108, 0.065927, -0.007055
-0.72460097, 0.07055879, -0.68550676
0.385003, 0.885655
0.008552, 0.193119, -0.006611
0.67430645, -0.05926695, -0.73604542
0.644642, 0.674519
0.008554, 0.13244499, -0.006584
0.67656481, 0.02557451, -0.73589283
0.64488202, 0.788765
0.013154, 0.253793, 0.011932
0.77809989, -0.04531999, 0.62648398
0.86544597, 0.52367601
0.017267, 0.253793, -0.001271
0.99572742, -0.04745628, -0.07910398
0.73626101, 0.52367601
0.018406, 0.31173301, -0.001759
0.95254374, -0.29987487, -0.05166784
0.73467898, 0.37708002
0.012683, 0.314466, -0.021811
0.80458999, -0.42924285, -0.41032135
0.43328199, 0.32281101
0.003935, 0.30883601, -0.051573
0.6781823, -0.73485518, 0.00183111
0.26449499, 0.31973499
0.003733, 0.353645, -0.054319
0.96548355, -0.02179022, -0.25943786
0.24916799, 0.11912799
-0.008011, 0.193119, 0.013963
-0.66832483, -0.01239051, 0.74373609
0.121938, 0.674519
-0.012443, 0.193119, 0.004612
-0.99609363, -0.03656118, 0.08032472
0.257135, 0.674519
0.015597, 0.35030901, 0.017792
0.8469497, -0.02243111, 0.53114414
0.71135801, 0.13069803
0.015597, 0.37514001, 0.017792
0.6533097, 0.65370649, 0.38187811
0.71135801, 0.04458201
0.006691, 0.37332499, 0.02565552
0.42252877, 0.26630452, 0.86629844
0.77196097, 0.05087799
-0.01524259, 0.37302628, -0.01972001
-0.67720574, 0.71901608, -0.15601063
0.43135801, 0.05672002
0.015597, 0.37514001, 0.017792
0.6533097, 0.65370649, 0.38187811
0.68906701, 0.07464802
0.020026, 0.37514001, -0.002443
0.73580128, 0.67381817, -0.0671102
0.56654203, 0.07865602
-0.00074, 0.13244499, -0.010054
-0.07336649, 0.01858577, -0.99710071
0.523691, 0.788765
0.020026, 0.314466, -0.002443
0.96252328, -0.25876644, -0.08099613
0.54379803, 0.32281101
0.020026, 0.353645, -0.002443
0.9974975, -0.00299081, -0.07043672
0.54379803, 0.11912799
-0.007234, 0.387851, -0.098308
-0.06262398, 0.66512042, -0.74407178
0.0005, 0.051516
-0.007022, 0.353645, -0.095424
-0.07779168, -0.07599109, -0.99404889
0.016597, 0.11912799
0.012984, 0.193119, 0.00274
0.99710071, -0.03656118, -0.06631672
0.76982898, 0.674519
0.009968, 0.193119, 0.01264
0.76998198, -0.01239051, 0.63789791
0.891491, 0.674519
0.011265, 0.253793, -0.013729
0.66948456, -0.09042634, -0.73726612
0.62262797, 0.52367601
-0.006639, 0.292025, -0.090228
-0.04806665, -0.7554552, -0.65340132
0.045597, 0.33283401
-0.011442, 0.30883601, -0.050442
-0.67064422, -0.73482466, 0.1010773
0.26449499, 0.31973499
-0.009427, 0.193119, -0.005288
-0.77477342, -0.05926695, -0.62941372
0.39759099, 0.674519
0.013481, 0.058256, 0.012122
0.68678856, 0.02832118, 0.7262795
0.865309, 0.90838
0.001336, 0.13244499, 0.018159
0.07333598, 0.01037629, 0.99722284
1.00523698, 0.788765
0.019321, -0.0093, 0.0109906
0.53813291, -0.42982268, 0.7249977
0.90869403, 0.962969
0.011657, 0.311497, -0.0196
0.69933164, -0.37620166, -0.60774559
0.603899, 0.37777698
0.001335, 0.253793, 0.018145
0.07324442, -0.05728324, 0.99566638
1.005229, 0.52367601
-0.007957, 0.13244499, 0.014689
-0.67342144, 0.0217597, 0.73891413
0.116603, 0.788765
-0.017521, 0.062092, 0.003836
-0.99334699, 0.06656087, 0.09366131
0.26989099, 0.897017
0.00413241, 0.37302628, -0.05563601
0.78682822, 0.60960722, -0.09622486
0.24365, 0.06943601
-0.007234, 0.387851, -0.098308
-0.06262398, 0.66512042, -0.74407178
0.0005, 0.06497198
-0.00435, 0.37514001, -0.059122
0.009888, 0.96981722, 0.24356823
0.220865, 0.06497198
-0.011265, 0.253793, 0.013729
-0.6779992, -0.04531999, 0.73363447
0.151972, 0.52367601
-0.011727, 0.31196901, 0.018858
-0.69148839, -0.32276374, 0.64622945
0.124174, 0.37638003
-0.018466, 0.31173301, 0.000954
-0.94988859, -0.29981384, 0.08829005
0.29573399, 0.37708002
-0.002132, 0.37219778, -0.03308029
0.00112918, 0.99996948, 0.00189215
0.38523301, 0.06497198
0.020026, 0.314466, -0.002443
0.96252328, -0.25876644, -0.08099613
0.54792601, 0.35314101
0.018406, 0.31173301, -0.001759
0.95254374, -0.29987487, -0.05166784
0.55108202, 0.40306801
0.011657, 0.311497, -0.0196
0.69933164, -0.37620166, -0.60774559
0.44851699, 0.40363699
-0.0144, 0.311497, -0.017682
-0.78072453, -0.37629321, -0.49882504
0.43265101, 0.37777698
-0.018466, 0.31173301, 0.000954
-0.94988859, -0.29981384, 0.08829005
0.55108202, 0.39749998
-0.011727, 0.31196901, 0.018858
-0.69148839, -0.32276374, 0.64622945
0.71916199, 0.40158302
-0.012824, 0.314466, 0.019883
-0.71288186, -0.25177771, 0.65446943
0.73297501, 0.34641403
-0.020168, 0.353645, 0.000515
-0.9974975, 0.00311289, 0.07037568
0.54379803, 0.11912799
-0.020168, 0.37514001, 0.000515
-0.70491654, 0.70912808, 0.01440474
0.54379803, 0.04458201
-0.0144, 0.311497, -0.017682
-0.78072453, -0.37629321, -0.49882504
0.44851699, 0.39806902
-0.020168, 0.314466, 0.000515
-0.9640187, -0.25867489, 0.06076235
0.54947799, 0.35106802
0.01317941, 0.37302628, -0.02181101
0.66786706, 0.69389933, -0.26908171
0.43328199, 0.04458201
0.020026, 0.37514001, -0.002443
0.73580128, 0.67381817, -0.0671102
0.54379803, 0.04458201
0.015597, 0.314466, 0.017792
0.80101931, -0.25183874, 0.54304636
0.73288798, 0.349262
0.001876, 0.312067, 0.025498
0.06814783, -0.36844996, 0.92712182
0.93333101, 0.402897
-0.012824, 0.35030901, 0.019883
-0.7556383, -0.01791437, 0.65471357
0.71135801, 0.13069803
-0.012824, 0.37514001, 0.019883
-0.58845788, 0.65401167, 0.47532579
0.71135801, 0.04458201
-0.020168, 0.314466, 0.000515
-0.9640187, -0.25867489, 0.06076235
0.54379803, 0.32281101
-0.015739, 0.353645, -0.01972
-0.98571736, 0.01260414, -0.16785181
0.43328199, 0.11912799
-0.011442, 0.30883601, -0.050442
-0.67064422, -0.73482466, 0.1010773
0.19160201, 0.32173598
-0.004051, 0.30883601, -0.055059
0.02591021, -0.93533128, 0.35279396
0.177843, 0.363002
-0.002132, 0.314466, -0.028967
-0.0105594, -0.98959321, -0.14331493
0.27981901, 0.36854702
0.002382, -0.006577, 0.01708905
0.0610065, -0.43671986, 0.89751887
1.01704502, 0.948351
-0.015739, 0.314466, -0.01972
-0.85595262, -0.4293344, -0.28809473
0.43328199, 0.32281101
-0.002132, 0.314466, -0.028967
-0.0105594, -0.98959321, -0.14331493
0.32099399, -0.09617698
-0.004051, 0.30883601, -0.055059
0.02591021, -0.93533128, 0.35279396
0.32099399, -0.09617698
0.003935, 0.30883601, -0.051573
0.6781823, -0.73485518, 0.00183111
0.44599399, -0.09617698
0.00199, 0.314466, 0.02704
0.07083346, -0.26062807, 0.96282846
0.852925, 0.32281101
0.00199, 0.35030901, 0.02704
0.05813776, 0.60997343, 0.79024631
0.852925, 0.13920099
0.00199, 0.35030901, 0.02704
0.05813776, 0.60997343, 0.79024631
0.93501902, 0.15848899
0.002201, 0.35030901, 0.02620452
0.05163732, 0.71037936, 0.70189518
0.76500899, 0.16141999
-0.002304, 0.35030901, 0.02653652
-0.1861629, -0.63951534, 0.74587238
0.72234398, 0.071437
0.001335, 0.253793, 0.018145
0.07324442, -0.05728324, 0.99566638
0.005229, 0.52367601
0.00199, 0.35030901, 0.02704
0.05813776, 0.60997343, 0.79024631
0.96643102, -0.07012403
0.015597, 0.35030901, 0.017792
0.8469497, -0.02243111, 0.53114414
0.84143102, -0.07012403
0.006707, 0.35030901, 0.02587352
0.30359814, -0.63716543, 0.70836514
0.84143102, -0.07012403
-0.023641, -0.015874, 0.00156728
-0.81060213, -0.54109317, 0.22379223
0.20434999, 0.971961
0.002382, -0.006577, 0.01708905
0.0610065, -0.43671986, 0.89751887
0.07758, 0.999452
-0.015413, -0.0093, 0.01318543
-0.4222846, -0.43897825, 0.79305398
0.096204, 0.976072
0.014361, 0.31196901, 0.016939
0.77858824, -0.32282481, 0.53810239
0.89372098, 0.37638003
0.019321, -0.0093, 0.0109906
0.53813291, -0.42982268, 0.7249977
0.83243603, 1.003588
-0.012824, 0.37514001, 0.019883
-0.58845788, 0.65401167, 0.47532579
0.68906701, 0.055296
-0.020168, 0.37514001, 0.000515
-0.70491654, 0.70912808, 0.01440474
0.56654203, 0.05128801
0.01317941, 0.37302628, -0.02181101
0.66786706, 0.69389933, -0.26908171
0.43135801, 0.07322299
-0.017267, 0.253793, 0.001271
-0.99658191, -0.04745628, 0.06753746
0.294193, 0.52367601
-0.00232, 0.37332499, 0.02631952
-0.28681296, 0.2278512, 0.93047881
0.75013101, 0.06158102
0.001272, 0.193119, 0.017289
0.07336649, -0.00094607, 0.99728388
1.00470495, 0.674519
-0.006639, 0.292025, -0.090228
-0.04806665, -0.7554552, -0.65340132
0.012597, 0.33354902
-0.006639, 0.292025, -0.090228
-0.04806665, -0.7554552, -0.65340132
0.32099399, -0.09617698
-0.002304, 0.35030901, 0.02653652
-0.1861629, -0.63951534, 0.74587238
0.773175, 0.11907399
-0.00232, 0.37332499, 0.02631952
-0.28681296, 0.2278512, 0.93047881
0.77196097, 0.05087799
-0.01124459, 0.37302628, -0.05450502
-0.78313547, 0.62132633, 0.02450636
0.24365, 0.06050801
0.012683, 0.353645, -0.021811
0.95059055, -0.01214637, -0.31015962
0.43328199, 0.11912799
0.00413241, 0.37302628, -0.05563601
0.78682822, 0.60960722, -0.09622486
0.241816, 0.04458201
0.00199, 0.37514001, 0.02688732
0.05652028, 0.5319376, 0.84487444
0.735192, 0.06497198
0.006691, 0.37332499, 0.02565552
0.42252877, 0.26630452, 0.86629844
0.75013101, 0.06836301
-0.012824, 0.314466, 0.019883
-0.71288186, -0.25177771, 0.65446943
0.71135801, 0.32281101
0.001272, 0.193119, 0.017289
0.07336649, -0.00094607, 0.99728388
0.004705, 0.674519
0.001336, 0.13244499, 0.018159
0.07333598, 0.01037629, 0.99722284
0.005237, 0.788765
-0.011561, 0.058256, 0.013965
-0.59944457, 0.01739555, 0.80019534
0.152375, 0.90838
0.001876, 0.312067, 0.025498
0.06814783, -0.36844996, 0.92712182
0.008078, 0.37608898
-0.001926, 0.3114, -0.026177
-0.06485184, -0.4672994, -0.88171023
0.31975299, 0.40125197
-0.015739, 0.314466, -0.01972
-0.85595262, -0.4293344, -0.28809473
0.430365, 0.35106802
0.002382, -0.006577, 0.01708905
0.0610065, -0.43671986, 0.89751887
0.023859, 0.971936
-0.001926, 0.3114, -0.026177
-0.06485184, -0.4672994, -0.88171023
0.51831001, 0.37806499
0.001876, 0.312067, 0.025498
0.06814783, -0.36844996, 0.92712182
0.930273, 0.40225899
0.014361, 0.31196901, 0.016939
0.77858824, -0.32282481, 0.53810239
0.71752399, 0.40249598
0.015597, 0.314466, 0.017792
0.80101931, -0.25183874, 0.54304636
0.71135801, 0.32281101
0.012683, 0.314466, -0.021811
0.80458999, -0.42924285, -0.41032135
0.43092099, 0.35125798
-0.001926, 0.3114, -0.026177
-0.06485184, -0.4672994, -0.88171023
0.32019499, 0.40387303
0.006707, 0.35030901, 0.02587352
0.30359814, -0.63716543, 0.70836514
0.773175, 0.11907399
0.00128, 0.056667, 0.017397
0.07113864, -0.00662252, 0.99743646
1.00477505, 0.913086
0.00199, 0.314466, 0.02704
0.07083346, -0.26062807, 0.96282846
0.93734699, 0.33865601
0.012683, 0.314466, -0.021811
0.80458999, -0.42924285, -0.41032135
0.44599399, -0.09617698
-0.012824, 0.35030901, 0.019883
-0.7556383, -0.01791437, 0.65471357
0.65706301, 0.13156599
0.002201, 0.35030901, 0.02620452
0.05163732, 0.71037936, 0.70189518
0.96643102, -0.07012403
0.001876, 0.312067, 0.025498
0.06814783, -0.36844996, 0.92712182
1.00807798, 0.37608898
0.00128, 0.056667, 0.017397
0.07113864, -0.00662252, 0.99743646
0.007395, 0.892122
0.00199, 0.314466, 0.02704
0.07083346, -0.26062807, 0.96282846
0.93558103, 0.33819401
-0.002132, 0.314466, -0.028967
-0.0105594, -0.98959321, -0.14331493
0.279843, 0.37107599
# Number of Faces:
170
# Face Data:
0, 1, 2
3, 4, 5
6, 7, 8
9, 10, 11
12, 13, 14
15, 16, 17
14, 18, 19
20, 21, 22
23, 24, 25
26, 27, 15
28, 29, 30
31, 32, 33
0, 34, 19
35, 36, 28
4, 37, 38
16, 34, 0
10, 39, 40
14, 13, 41
38, 42, 43
39, 21, 20
27, 44, 16
45, 11, 46
47, 6, 9
41, 48, 22
8, 7, 1
40, 20, 49
50, 15, 51
52, 53, 54
55, 56, 57
52, 54, 58
59, 60, 61
57, 62, 12
19, 18, 39
16, 44, 14
63, 64, 65
66, 67, 3
18, 41, 21
68, 63, 69
70, 71, 36
60, 59, 72
65, 64, 73
66, 74, 75
13, 12, 62
76, 66, 77
78, 79, 80
81, 47, 45
82, 77, 5
83, 84, 85
86, 87, 74
88, 89, 90
91, 55, 26
8, 19, 10
92, 93, 94
6, 1, 7
1, 95, 2
95, 96, 97
49, 20, 98
99, 96, 6
100, 31, 101
31, 102, 58
103, 12, 44
24, 42, 38
30, 104, 89
11, 40, 105
51, 95, 97
78, 106, 79
84, 107, 85
74, 108, 109
54, 53, 110
23, 111, 36
112, 25, 38
17, 2, 95
100, 104, 113
113, 114, 32
76, 115, 74
116, 26, 50
117, 50, 118
58, 54, 110
91, 119, 56
32, 31, 100
70, 111, 25
120, 68, 121
96, 95, 1
55, 103, 27
118, 97, 122
13, 123, 48
124, 125, 72
126, 28, 87
29, 28, 36
127, 61, 128
17, 0, 2
77, 3, 5
9, 6, 8
45, 9, 11
44, 12, 14
51, 15, 17
34, 14, 19
98, 20, 22
111, 23, 25
50, 26, 15
129, 28, 30
102, 31, 33
8, 0, 19
126, 35, 28
5, 4, 38
17, 16, 0
11, 10, 40
18, 14, 41
5, 38, 43
40, 39, 20
15, 27, 16
130, 45, 46
45, 47, 9
21, 41, 22
0, 8, 1
105, 40, 49
118, 50, 51
103, 55, 57
102, 52, 58
127, 59, 61
103, 57, 12
10, 19, 39
34, 16, 14
69, 63, 65
77, 66, 3
39, 18, 21
121, 68, 69
111, 70, 36
125, 60, 72
131, 65, 73
67, 66, 75
123, 13, 62
82, 76, 77
121, 78, 80
130, 81, 45
43, 82, 5
132, 83, 85
115, 86, 74
133, 88, 90
116, 91, 26
9, 8, 10
134, 92, 94
135, 49, 98
27, 103, 44
25, 24, 38
104, 30, 113
30, 89, 94
89, 104, 108
46, 11, 105
118, 51, 97
75, 74, 109
35, 23, 36
37, 112, 38
51, 17, 95
66, 76, 74
117, 116, 50
136, 117, 118
31, 58, 110
55, 91, 56
113, 32, 100
112, 70, 25
80, 120, 121
6, 96, 1
26, 55, 27
136, 118, 122
41, 13, 48
137, 124, 72
86, 126, 87
71, 29, 36
138, 127, 128
